[[  0.          17.06737754  26.59192092  14.96950111  18.13177877
   20.9903743   24.86443378  18.79669128  18.78167125  12.69890872
   13.77927174  26.93310209  10.79669128  12.47213595   8.94427191
    8.54400375  30.42435543  20.85033956  11.70628141  16.2296552
    9.87048159   6.70820393   4.47213595  13.06737754]
 [ 17.06737754   0.          41.23489469  23.0992418   19.93696414
   14.22212514  39.50740755   5.          33.42464502  27.34188249
   14.28010989  10.63014581  25.60466521  11.28010989   8.12310563
   25.61138128  23.65610627   9.12310563  28.77365894   4.24264069
   24.51345536  21.3511777   19.28010989   4.        ]
 [ 26.59192092  41.23489469   0.          18.13565289  21.29793055
   31.29793055  13.89301221  36.27934012   7.81024968  13.89301221
   26.9547848   40.10861515  25.26544308  29.9547848   35.53619283
   30.26544308  34.89870751  34.02585261  33.42772074  40.39717235
   16.72143933  19.88371699  22.11978497  37.23489469]
 [ 14.96950111  23.0992418   18.13565289   0.           3.16227766
   13.16227766  16.40816575  18.14368723  10.32540322   4.24264069
    8.81913191  21.97296225  13.64302326  11.81913191  23.22234742
   18.64302326  16.76305461  15.89019972  21.80530092  22.26151946
    5.09901951   8.26129717  10.49736515  19.0992418 ]
 [ 18.13177877  19.93696414  21.29793055   3.16227766   0.          10.
   19.57044341  14.98140957  13.48768088   7.40491835   5.65685425
   18.81068459  16.80530092   8.65685425  20.06006976  21.80530092
   19.43398113  12.72792206  24.96757858  19.0992418    8.26129717
   11.42357483  13.65964281  15.93696414]
 [ 20.9903743   14.22212514  31.29793055  13.16227766  10.           0.
   29.57044341   9.22212514  23.48768088  17.40491835   7.21110255
   11.18178204  22.84279366  10.21110255  21.61431807  27.84279366
    9.43398113   5.09901951  31.00507132  18.46476583  17.44444802
   14.28217036  16.51823834  17.49121244]
 [ 24.86443378  39.50740755  13.89301221  16.40816575  19.57044341
   29.57044341   0.          34.55185298   6.08276253  12.16552506
   25.22729766  38.381128    23.53795593  28.22729766  33.80870569
   28.53795593  33.17122036  32.29836547  31.70023359  38.66968521
   14.99395219  18.15622985  20.39229782  35.50740755]
 [ 18.79669128   5.          36.27934012  18.14368723  14.98140957
    9.22212514  34.55185298   0.          28.46909045  22.38632792
    9.32455532  10.20586816  20.64911064   6.32455532  13.12310563
   25.64911064  18.65610627   4.12310563  28.8113883    9.24264069
   19.55790079  16.39562313  14.32455532   9.        ]
 [ 18.78167125  33.42464502   7.81024968  10.32540322  13.48768088
   23.48768088   6.08276253  28.46909045   0.           6.08276253
   19.14453513  32.29836547  17.4551934   22.14453513  27.72594316
   22.4551934   27.08845783  26.21560294  25.61747106  32.58692268
    8.91118966  12.07346732  14.30953529  29.42464502]
 [ 12.69890872  27.34188249  13.89301221   4.24264069   7.40491835
   17.40491835  12.16552506  22.38632792   6.08276253   0.          13.0617726
   26.21560294  11.37243087  16.0617726   21.64318063  16.37243087
   21.0056953   20.13284041  19.53470853  26.50416015   2.82842712
    5.99070478   8.22677276  23.34188249]
 [ 13.77927174  14.28010989  26.9547848    8.81913191   5.65685425
    7.21110255  25.22729766   9.32455532  19.14453513  13.0617726    0.
   13.15383034  15.63169111   3.          14.40321551  20.63169111
   16.64508368   7.07106781  23.79396877  13.44238755  10.23334547
    7.07106781   9.30713579  10.28010989]
 [ 26.93310209  10.63014581  40.10861515  21.97296225  18.81068459
   11.18178204  38.381128    10.20586816  32.29836547  26.21560294
   13.15383034   0.          28.78552145  16.15383034  18.75325144
   33.78552145  14.14213562   6.08276253  36.94779911  14.8727865
   23.38717581  20.22489815  22.46096613  14.63014581]
 [ 10.79669128  25.60466521  25.26544308  13.64302326  16.80530092
   22.84279366  23.53795593  20.64911064  17.4551934   11.37243087
   15.63169111  28.78552145   0.          14.32455532  19.74096319   5.
   30.40607787  22.70275892   8.16227766  24.76694287   8.54400375
    8.5606233    6.32455532  21.60466521]
 [ 12.47213595  11.28010989  29.9547848   11.81913191   8.65685425
   10.21110255  28.22729766   6.32455532  22.14453513  16.0617726    3.
   16.15383034  14.32455532   0.          11.40321551  19.32455532
   19.64508368  10.07106781  22.48683298  10.44238755  13.23334547
   10.07106781   8.           7.28010989]
 [  8.94427191   8.12310563  35.53619283  23.22234742  20.06006976
   21.61431807  33.80870569  13.12310563  27.72594316  21.64318063
   14.40321551  18.75325144  19.74096319  11.40321551   0.          17.48827566
   31.0482992   17.24621125  20.65055332   7.28538329  18.8147535
   15.65247584  13.41640786   4.12310563]
 [  8.54400375  25.61138128  30.26544308  18.64302326  21.80530092
   27.84279366  28.53795593  25.64911064  22.4551934   16.37243087
   20.63169111  33.78552145   5.          19.32455532  17.48827566   0.
   35.40607787  27.70275892   3.16227766  24.77365894  13.54400375
   13.5606233   11.32455532  21.61138128]
 [ 30.42435543  23.65610627  34.89870751  16.76305461  19.43398113
    9.43398113  33.17122036  18.65610627  27.08845783  21.0056953
   16.64508368  14.14213562  30.40607787  19.64508368  31.0482992
   35.40607787   0.          14.53300065  38.56835553  27.89874696
   21.86207413  23.71615149  25.95221947  26.92519357]
 [ 20.85033956   9.12310563  34.02585261  15.89019972  12.72792206
    5.09901951  32.29836547   4.12310563  26.21560294  20.13284041
    7.07106781   6.08276253  22.70275892  10.07106781  17.24621125
   27.70275892  14.53300065   0.          30.86503658  13.36574631
   17.30441328  14.14213562  16.3782036   13.12310563]
 [ 11.70628141  28.77365894  33.42772074  21.80530092  24.96757858
   31.00507132  31.70023359  28.8113883   25.61747106  19.53470853
   23.79396877  36.94779911   8.16227766  22.48683298  20.65055332
    3.16227766  38.56835553  30.86503658   0.          27.9359366
   16.70628141  16.72290096  14.48683298  24.77365894]
 [ 16.2296552    4.24264069  40.39717235  22.26151946  19.0992418
   18.46476583  38.66968521   9.24264069  32.58692268  26.50416015
   13.44238755  14.8727865   24.76694287  10.44238755   7.28538329
   24.77365894  27.89874696  13.36574631  27.9359366    0.          23.67573302
   20.51345536  18.44238755   3.16227766]
 [  9.87048159  24.51345536  16.72143933   5.09901951   8.26129717
   17.44444802  14.99395219  19.55790079   8.91118966   2.82842712
   10.23334547  23.38717581   8.54400375  13.23334547  18.8147535
   13.54400375  21.86207413  17.30441328  16.70628141  23.67573302   0.
    3.16227766   5.39834564  20.51345536]
 [  6.70820393  21.3511777   19.88371699   8.26129717  11.42357483
   14.28217036  18.15622985  16.39562313  12.07346732   5.99070478
    7.07106781  20.22489815   8.5606233   10.07106781  15.65247584
   13.5606233   23.71615149  14.14213562  16.72290096  20.51345536
    3.16227766   0.           2.23606798  17.3511777 ]
 [  4.47213595  19.28010989  22.11978497  10.49736515  13.65964281
   16.51823834  20.39229782  14.32455532  14.30953529   8.22677276
    9.30713579  22.46096613   6.32455532   8.          13.41640786
   11.32455532  25.95221947  16.3782036   14.48683298  18.44238755
    5.39834564   2.23606798   0.          15.28010989]
 [ 13.06737754   4.          37.23489469  19.0992418   15.93696414
   17.49121244  35.50740755   9.          29.42464502  23.34188249
   10.28010989  14.63014581  21.60466521   7.28010989   4.12310563
   21.61138128  26.92519357  13.12310563  24.77365894   3.16227766
   20.51345536  17.3511777   15.28010989   0.        ]]
